0.000000,4.716991,5.565968,5.748913,3.488553,6.095900,5.000000,5.500000,4.780167,2.256103,3.201562,6.207254,3.863936,3.920459,6.397656,5.905929,4.992995,17.561606,4.609772,6.129437,5.830952,2.716616,3.667424,5.913544,5.700877,5.675385,5.531727,6.296825,8.041144,5.220153,5.961543,5.632051,5.700877,6.484597,7.335530,5.675385,5.573150,5.900000,6.181424,5.748913,5.457105,5.470832,3.026549,5.909315,6.209670,4.709565,5.622277,3.635932,5.854912,5.903389,2.729469,6.350591,4.560702,6.003332,7.343705,5.675385,4.830114,3.605551,4.904080,5.556978,3.721559,5.700000,5.249762
4.716991,0.000000,6.664833,5.608030,5.700877,5.374012,5.448853,6.545991,4.560702,5.371220,6.016644,5.900847,3.733631,7.532596,5.554278,8.653323,5.580323,16.248385,5.203845,5.277310,6.044005,5.434151,5.964059,5.131277,6.676077,6.992138,7.106335,5.703508,5.800862,6.243397,5.283938,5.536244,6.103278,7.983107,4.085340,5.950630,5.608030,5.852350,5.632051,5.720140,5.984146,6.008328,4.252058,5.578530,6.403124,4.964877,5.325411,4.614109,5.333854,5.360037,4.440721,5.531727,6.992138,5.445181,5.852350,4.070626,5.907622,5.818075,4.916299,6.184658,5.793962,5.830952,5.300943
5.565968,6.664833,0.000000,4.060788,2.483948,5.721888,4.753946,5.440588,3.863936,4.346263,4.103657,7.038466,4.604346,7.595393,5.805170,8.602325,2.952965,16.508483,4.609772,5.800862,5.661272,6.603787,2.701851,6.419502,6.545991,3.008322,7.083784,5.731492,7.397973,4.118252,5.664804,2.100000,2.507987,7.746612,6.369458,2.376973,4.976947,6.706713,6.020797,2.441311,5.948109,5.080354,6.207254,6.767570,6.894200,4.504442,5.464430,6.074537,5.632051,6.203225,4.386342,6.140033,4.883646,5.787055,6.228965,3.101612,3.962323,4.802083,5.738467,5.261179,3.440930,5.412024,5.385165
5.748913,5.608030,4.060788,0.000000,4.837355,4.709565,6.747592,5.507268,4.805206,7.244308,6.020797,7.316420,5.700877,8.538150,6.016644,10.501905,4.738143,12.653063,5.215362,5.656854,5.154610,5.724509,4.981967,7.045566,9.408507,3.720215,8.372574,5.008992,6.220129,5.632051,5.860034,3.920459,3.780212,11.264102,6.428841,3.720215,6.152235,7.414850,5.883026,4.883646,6.576473,4.924429,5.990826,6.425730,7.375636,5.315073,5.798276,6.500000,5.727128,5.830952,5.661272,6.420280,7.424284,5.500909,6.579514,3.827532,5.883026,5.903389,6.087693,5.522681,6.020797,5.375872,5.532630
3.488553,5.700877,2.483948,4.837355,0.000000,4.197618,4.205948,4.909175,4.049691,2.408319,2.601922,6.248200,4.651881,5.412947,5.510898,6.360031,2.773085,17.438463,4.609772,5.223983,5.001000,4.837355,1.984943,5.580323,4.716991,3.008322,4.738143,5.035871,5.643580,4.427189,6.171710,2.475884,2.475884,6.539113,7.130919,2.408319,4.972927,6.020797,5.323533,3.310589,5.126402,5.080354,4.606517,5.414795,6.618912,4.304649,4.951767,5.531727,5.481788,4.837355,2.402082,5.586591,4.318565,5.215362,6.911584,3.275668,4.172529,3.360060,4.726521,4.500000,1.992486,4.726521,4.254409
6.095900,5.374012,5.721888,4.709565,4.197618,0.000000,3.505710,6.350591,3.911521,5.700877,5.879626,6.989278,4.841487,4.972927,5.491812,6.378871,5.056679,17.269627,5.883026,5.824946,6.296825,4.669047,3.962323,6.428841,5.604463,3.841875,3.984972,5.803447,3.195309,4.973932,6.276942,5.096077,3.511410,6.754258,6.818358,5.508176,5.142956,5.769749,6.082763,6.177378,5.400926,7.077429,5.977458,6.596969,6.378871,4.638965,6.723095,5.738467,6.741662,6.030755,5.300943,6.579514,7.523962,5.950630,7.045566,6.264982,7.523962,4.346263,6.074537,4.472136,3.785499,4.652956,3.894868
5.000000,5.448853,4.753946,6.747592,4.205948,3.505710,0.000000,3.982462,4.827007,4.295346,4.850773,4.720169,4.701064,4.666905,3.195309,4.810405,5.203845,19.331063,5.672742,6.152235,3.546830,5.154610,4.360046,4.081666,5.326350,3.959798,3.538361,5.147815,5.124451,4.904080,5.126402,5.124451,4.031129,5.200961,6.708204,5.263079,3.289377,5.745433,3.255764,4.883646,5.249762,4.949747,4.465423,4.924429,6.224147,3.634556,3.758989,5.412024,4.720169,4.049691,5.234501,3.395585,6.859300,4.522168,8.287340,4.709565,5.445181,3.841875,5.742822,4.459821,4.785394,3.858756,4.219005
5.500000,6.545991,5.440588,5.507268,4.909175,6.350591,3.982462,0.000000,4.687217,5.032892,5.536244,5.119570,4.652956,7.102816,3.200000,6.020797,5.707889,16.929560,5.800862,5.554278,3.106445,5.491812,5.643580,5.100000,5.547071,5.220153,5.166237,4.753946,8.570881,4.700000,4.601087,5.375872,5.314132,8.414868,6.530697,5.220153,3.733631,5.968249,5.412024,5.162364,5.234501,5.412024,5.215362,5.661272,6.854196,4.669047,3.324154,6.074537,4.726521,4.085340,5.663921,3.383785,6.360031,4.617359,7.860025,5.220153,5.481788,4.472136,5.745433,5.600893,4.465423,5.565968,4.080441
4.780167,4.560702,3.863936,4.805206,4.049691,3.911521,4.827007,4.687217,0.000000,5.162364,4.554119,4.751842,4.838388,7.684400,4.916299,8.500588,4.924429,14.731259,4.589118,4.201190,4.477723,5.326350,4.011234,4.976947,7.158911,5.197115,7.184706,4.669047,5.590170,4.617359,4.561798,5.500000,4.675468,9.827004,5.280152,5.515433,4.701064,5.456189,4.472136,4.992995,5.742822,5.080354,4.341659,4.304649,6.103278,4.501111,4.244997,4.700000,4.876474,4.123106,5.103920,4.001250,6.777905,4.704253,4.981967,4.052160,4.036087,4.049691,4.301163,5.069517,4.738143,4.410215,4.709565
2.256103,5.371220,4.346263,7.244308,2.408319,5.700877,4.295346,5.032892,5.162364,0.000000,2.701851,5.208647,4.681880,3.848376,5.984146,4.459821,4.554119,19.817669,3.862642,5.727128,5.793962,2.765863,3.101612,5.546170,5.135173,4.427189,5.412024,5.643580,7.502666,4.617359,5.107837,4.401136,4.459821,4.816638,7.414850,4.427189,5.300943,5.622277,5.200961,4.492215,5.223983,5.080354,2.751363,4.712749,6.264184,4.410215,5.035871,4.716991,5.069517,5.440588,2.751363,6.007495,3.721559,4.614109,8.782369,4.427189,4.472136,4.360046,5.608921,4.143670,2.555386,5.131277,4.652956
3.201562,6.016644,4.103657,6.020797,2.601922,5.879626,4.850773,5.536244,4.554119,2.701851,0.000000,6.013319,4.492215,5.154610,5.953990,4.949747,4.177320,18.380696,4.201190,5.147815,5.651548,3.935734,3.584690,6.016644,5.714018,4.036087,5.400000,5.514526,7.641989,4.661545,5.508176,4.101219,4.103657,6.579514,6.726812,4.036087,5.240229,5.630275,5.714018,4.045986,5.100000,4.788528,3.590265,5.059644,6.503076,5.192302,5.821512,5.092151,5.600893,5.966574,2.607681,6.140033,3.945884,5.629387,7.905694,4.036087,3.962323,2.683282,4.410215,4.609772,3.252691,4.687217,5.028916
6.207254,5.900847,7.038466,7.316420,6.248200,6.989278,4.720169,5.119570,4.751842,5.208647,6.013319,0.000000,5.240229,6.021628,4.477723,6.476110,8.115417,17.560182,6.303174,5.263079,3.827532,5.900000,6.280127,3.820995,4.509989,8.203658,3.889730,6.280127,8.731552,4.964877,4.386342,7.278049,7.800641,6.435060,6.691039,8.655634,4.318565,3.820995,3.820995,8.348653,5.580323,7.375636,5.643580,4.341659,7.000714,5.024938,4.716991,6.977822,6.095900,3.443835,5.813777,3.551056,7.432362,4.294182,7.061161,6.906519,6.296825,4.657252,5.950630,7.451845,5.307542,4.418144,4.640043
3.863936,3.733631,4.604346,5.700877,4.651881,4.841487,4.701064,4.652956,4.838388,4.681880,4.492215,5.240229,0.000000,5.503635,5.546170,5.360037,5.632051,18.201099,4.301163,5.044799,4.609772,3.984972,4.712749,5.069517,5.239275,5.748913,6.226556,5.470832,6.338770,4.809366,4.998000,6.262587,5.508176,6.118823,3.863936,5.936329,4.700000,5.437830,5.141984,5.590170,4.804165,4.638965,3.471311,4.838388,5.442426,4.627094,4.707441,3.847077,4.751842,5.508176,3.546830,5.500000,6.788225,5.048762,7.446476,4.738143,4.684015,4.501111,4.684015,4.860041,4.883646,4.767599,5.048762
3.920459,7.532596,7.595393,8.538150,5.412947,4.972927,4.666905,7.102816,7.684400,3.848376,5.154610,6.021628,5.503635,0.000000,6.850547,5.608030,6.767570,21.189620,4.652956,5.345091,6.293648,3.001666,5.632051,6.016644,5.700877,7.752419,5.154610,9.386160,6.013319,5.408327,5.385165,7.679193,7.306162,4.410215,6.381222,7.752419,4.860041,5.727128,5.664804,7.749194,4.785394,7.496666,4.482187,5.200961,8.325863,4.509989,5.322593,6.020797,5.239275,5.966574,4.482187,5.950630,4.606517,5.001000,10.881176,7.752419,7.256032,5.069517,4.924429,6.209670,5.069517,5.028916,4.614109
6.397656,5.554278,5.805170,6.016644,5.510898,5.491812,3.195309,3.200000,4.916299,5.984146,5.953990,4.477723,5.546170,6.850547,0.000000,5.903389,5.981639,17.763446,5.953990,5.950630,3.744329,6.074537,6.082763,4.750789,5.341348,5.300000,4.410215,4.887740,7.576939,5.119570,5.777543,5.470832,5.197115,7.924645,7.782031,5.326350,3.041381,5.044799,5.096077,5.825805,5.008992,5.500909,5.921149,5.608030,7.111962,5.315073,3.492850,5.793962,5.283938,3.640055,5.869412,3.337664,7.184706,5.059644,8.249242,5.385165,6.135145,4.936598,5.818075,5.249762,5.326350,5.508176,3.200000
5.905929,8.653323,8.602325,10.501905,6.360031,6.378871,4.810405,6.020797,8.500588,4.459821,4.949747,6.476110,5.360037,5.608030,5.903389,0.000000,8.736704,22.332264,5.755867,5.682429,6.306346,7.212489,6.500000,5.824088,5.798276,8.600581,5.692100,9.390421,6.072891,5.597321,6.332456,8.626703,8.653323,5.731492,6.493843,8.600581,5.433231,5.080354,5.470832,8.653901,5.331041,8.521150,5.580323,6.711930,9.646243,5.693856,5.883026,6.224147,6.519202,5.980803,6.395311,6.262587,6.911584,5.608030,12.658989,8.600581,8.514693,5.685068,6.369458,7.707788,5.186521,5.883026,5.630275
4.992995,5.580323,2.952965,4.738143,2.773085,5.056679,5.203845,5.707889,4.924429,4.554119,4.177320,8.115417,5.632051,6.767570,5.981639,8.736704,0.000000,16.155494,3.687818,5.646238,5.223983,6.351378,2.549510,7.494665,6.772001,2.302173,7.080254,5.700877,6.519202,4.440721,6.014150,2.523886,2.061553,7.951101,7.043437,1.843909,5.021952,6.350591,6.987131,3.640055,5.412947,4.313931,6.105735,6.191123,7.939773,5.531727,5.943904,6.555151,5.445181,6.435060,4.031129,5.946427,4.301163,6.013319,6.236986,2.418677,4.301163,4.801042,6.010824,4.081666,3.584690,4.972927,5.346027
17.561606,16.248385,16.508483,12.653063,17.438463,17.269627,19.331063,16.929560,14.731259,19.817669,18.380696,17.560182,18.201099,21.189620,17.763446,22.332264,16.155494,0.000000,17.611928,18.263078,17.195930,18.317478,17.195930,19.622946,21.887439,16.211724,20.957099,14.217243,18.775782,18.214829,17.584652,16.378339,16.248385,23.916940,18.380696,16.211724,18.748067,20.033971,18.048823,16.082288,19.184629,16.601205,18.360011,17.404023,13.726616,17.876521,17.826385,17.042594,17.445057,18.166453,17.083618,17.293062,20.002500,18.005555,12.035365,16.211724,16.304907,18.532404,18.655026,18.049931,18.580904,17.826385,18.117671
4.609772,5.203845,4.609772,5.215362,4.609772,5.883026,5.672742,5.800862,4.589118,3.862642,4.201190,6.303174,4.301163,4.652956,5.953990,5.755867,3.687818,17.611928,0.000000,5.903389,5.807753,4.031129,3.883298,5.414795,5.162364,4.609772,5.232590,5.770615,7.532596,4.609772,6.020797,3.605551,4.002499,6.854196,6.463745,3.577709,5.400926,6.155485,6.152235,3.848376,5.360037,4.167733,4.393177,5.770615,6.506919,5.069517,5.762812,4.638965,5.941380,6.007495,3.584690,5.787055,4.609772,5.573150,7.116881,3.601389,4.393177,4.609772,4.418144,5.119570,3.801316,4.601087,5.220153
6.129437,5.277310,5.800862,5.656854,5.223983,5.824946,6.152235,5.554278,4.201190,5.727128,5.147815,5.263079,5.044799,5.345091,5.950630,5.682429,5.646238,18.263078,5.903389,0.000000,5.048762,5.536244,5.408327,5.003998,4.201190,5.793962,5.597321,5.015974,7.930952,6.016644,2.360085,5.777543,5.830952,6.105735,5.923681,5.793962,5.001000,6.007495,5.300943,5.852350,5.115662,5.636488,5.283938,5.001000,5.464430,5.742822,5.255473,5.859181,4.356604,5.147815,5.825805,5.147815,6.592420,3.847077,7.200694,4.957822,5.813777,4.438468,5.556978,5.467175,6.198387,4.965884,5.921149
5.830952,6.044005,5.661272,5.154610,5.001000,6.296825,3.546830,3.106445,4.477723,5.793962,5.651548,3.827532,4.609772,6.293648,3.744329,6.306346,5.223983,17.195930,5.807753,5.048762,0.000000,5.412947,4.614109,4.500000,4.800000,5.103920,4.904080,5.107837,8.438009,4.554119,5.028916,5.371220,4.589118,7.169379,6.992138,5.437830,3.201562,4.716991,4.429447,5.724509,5.001000,5.632051,5.993330,5.069517,6.519202,5.200000,3.712142,5.860034,4.909175,3.841875,5.458938,3.661967,6.083584,4.060788,6.493843,5.846366,6.935416,4.438468,5.412024,5.658622,4.561798,4.085340,4.085340
2.716616,5.434151,6.603787,5.724509,4.837355,4.669047,5.154610,5.491812,5.326350,2.765863,3.935734,5.900000,3.984972,3.001666,6.074537,7.212489,6.351378,18.317478,4.031129,5.536244,5.412947,0.000000,4.846648,5.860034,5.208647,5.580323,5.288667,6.413267,6.428841,4.900000,6.276942,6.403124,5.727128,5.731492,7.088018,6.236185,5.178803,5.565968,5.223983,6.673080,5.573150,6.777905,2.968164,6.280127,7.151224,5.135173,5.770615,4.429447,5.907622,5.412947,2.745906,5.603570,4.534314,4.904080,8.043009,6.957011,5.186521,3.956008,4.609772,5.371220,3.634556,4.870318,5.315073
3.667424,5.964059,2.701851,4.981967,1.984943,3.962323,4.360046,5.643580,4.011234,3.101612,3.584690,6.280127,4.712749,5.632051,6.082763,6.500000,2.549510,17.195930,3.883298,5.408327,4.614109,4.846648,0.000000,5.900847,5.866856,2.863564,4.916299,5.243091,5.515433,4.545327,5.500909,2.500000,2.483948,6.802941,6.476110,2.657066,5.001000,6.791171,5.263079,3.394113,4.981967,5.080354,4.648656,5.103920,7.060453,4.341659,5.021952,5.731492,5.603570,6.152235,2.690725,5.980803,4.579301,4.904080,6.603030,4.272002,4.716991,3.080584,4.509989,3.811824,2.024846,4.242641,4.418144
5.913544,5.131277,6.419502,7.045566,5.580323,6.428841,4.081666,5.100000,4.976947,5.546170,6.016644,3.820995,5.069517,6.016644,4.750789,5.824088,7.494665,19.622946,5.414795,5.003998,4.500000,5.860034,5.900847,0.000000,3.984972,7.839005,3.860052,5.821512,8.132035,4.785394,4.964877,6.952697,7.072482,4.967897,6.865858,7.981228,3.640055,3.008322,3.162278,7.582216,5.315073,7.117584,5.780138,4.686150,6.407808,5.481788,4.404543,6.307139,5.375872,3.008322,5.727128,3.125700,6.670832,4.110961,8.584288,6.818358,5.122499,4.904080,5.326350,6.700746,4.601087,4.080441,3.996248
5.700877,6.676077,6.545991,9.408507,4.716991,5.604463,5.326350,5.547071,7.158911,5.135173,5.714018,4.509989,5.239275,5.700877,5.341348,5.798276,6.772001,21.887439,5.162364,4.201190,4.800000,5.208647,5.866856,3.984972,0.000000,6.648308,5.131277,7.805767,7.610519,4.477723,4.801042,6.609841,6.676077,3.841875,5.685948,6.648308,3.956008,5.092151,4.365776,6.718631,4.272002,6.451356,5.217279,4.866210,8.400000,4.742362,4.491102,5.830952,4.738143,3.962323,5.412947,4.700000,6.879680,3.911521,11.016805,6.648308,6.552099,4.816638,5.047772,5.323533,5.261179,4.404543,4.785394
5.675385,6.992138,3.008322,3.720215,3.008322,3.841875,3.959798,5.220153,5.197115,4.427189,4.036087,8.203658,5.748913,7.752419,5.300000,8.600581,2.302173,16.211724,4.609772,5.793962,5.103920,5.580323,2.863564,7.839005,6.648308,0.000000,7.043437,5.093133,5.011986,4.070626,5.457105,2.785678,2.789265,8.004998,6.902898,2.683282,4.785394,6.624198,7.093659,3.114482,6.063827,4.060788,6.772001,6.868042,7.496666,4.464303,5.126402,6.574192,5.283938,6.711930,4.459821,5.990826,4.341659,5.100980,5.968249,4.237924,4.801042,4.661545,6.264982,3.900000,3.448188,4.373786,4.531004
5.531727,7.106335,7.083784,8.372574,4.738143,3.984972,3.538361,5.166237,7.184706,5.412024,5.400000,3.889730,6.226556,5.154610,4.410215,5.692100,7.080254,20.957099,5.232590,5.597321,4.904080,5.288667,4.916299,3.860052,5.131277,7.043437,0.000000,7.900633,5.692100,4.197618,5.020956,7.093659,6.911584,5.414795,6.228965,7.043437,3.712142,3.178050,3.401470,7.060453,5.597321,7.009280,5.247857,6.113101,8.004998,4.810405,3.601389,6.000833,5.993330,3.992493,5.346027,3.929377,5.913544,5.108816,10.720075,7.043437,6.965630,4.328972,5.731492,6.360031,4.891830,4.695743,3.052868
6.296825,5.703508,5.731492,5.008992,5.035871,5.803447,5.147815,4.753946,4.669047,5.643580,5.514526,6.280127,5.470832,9.386160,4.887740,9.390421,5.700877,14.217243,5.770615,5.015974,5.107837,6.413267,5.243091,5.821512,7.805767,5.093133,7.900633,0.000000,7.454529,5.323533,5.024938,5.353504,5.103920,9.992497,5.930430,4.742362,5.147815,6.800000,6.103278,5.813777,7.333485,5.080354,5.842089,5.803447,6.041523,5.283938,4.579301,6.010824,4.531004,5.984146,5.721888,5.984146,6.603030,5.824088,5.664804,5.813777,5.658622,5.119570,5.263079,4.827007,5.630275,5.292447,6.191123
8.041144,5.800862,7.397973,6.220129,5.643580,3.195309,5.124451,8.570881,5.590170,7.502666,7.641989,8.731552,6.338770,6.013319,7.576939,6.072891,6.519202,18.775782,7.532596,7.930952,8.438009,6.428841,5.515433,8.132035,7.610519,5.011986,5.692100,7.454529,0.000000,7.061161,7.843469,6.830813,4.903060,7.317103,9.340771,7.138627,7.011419,7.057620,7.665507,7.917702,7.045566,8.746428,7.900633,8.605231,8.653901,6.207254,8.429116,7.244998,8.486460,7.930952,6.618912,8.405355,9.270383,7.891768,8.631338,8.459314,9.270383,5.943904,7.433034,6.000833,5.508176,6.166036,5.142956
5.220153,6.243397,4.118252,5.632051,4.427189,4.973932,4.904080,4.700000,4.617359,4.617359,4.661545,4.964877,4.809366,5.408327,5.119570,5.597321,4.440721,18.214829,4.609772,6.016644,4.554119,4.900000,4.545327,4.785394,4.477723,4.070626,4.197618,5.323533,7.061161,0.000000,5.366563,4.148494,4.049691,6.212890,7.592760,3.966106,4.384062,6.041523,5.393515,3.982462,5.869412,4.301163,4.601087,5.015974,7.040597,4.368066,4.780167,5.234501,5.622277,5.393515,5.239275,5.020956,4.701064,4.816638,7.382412,3.966106,4.482187,4.304649,5.420332,4.712749,4.657252,3.613862,4.159327
5.961543,5.283938,5.664804,5.860034,6.171710,6.276942,5.126402,4.601087,4.561798,5.107837,5.508176,4.386342,4.998000,5.385165,5.777543,6.332456,6.014150,17.584652,6.020797,2.360085,5.028916,6.276942,5.500909,4.964877,4.801042,5.457105,5.020956,5.024938,7.843469,5.366563,0.000000,5.208647,5.314132,6.440497,5.948109,5.166237,4.904080,6.037384,5.948109,5.869412,4.197618,5.239275,5.420332,4.753946,5.656854,5.346027,4.753946,5.860034,4.455334,5.091169,5.500909,5.571355,6.103278,5.188449,7.355270,5.375872,5.412024,4.401136,5.059644,5.643580,5.280152,5.093133,5.813777
5.632051,5.536244,2.100000,3.920459,2.475884,5.096077,5.124451,5.375872,5.500000,4.401136,4.101219,7.278049,6.262587,7.679193,5.470832,8.626703,2.523886,16.378339,3.605551,5.777543,5.371220,6.403124,2.500000,6.952697,6.609841,2.785678,7.093659,5.353504,6.830813,4.148494,5.208647,0.000000,2.024846,7.864477,6.315061,2.284732,4.742362,6.826419,6.161169,2.668333,6.016644,5.080354,6.228965,6.621178,7.902531,4.661545,5.173973,7.211103,5.331041,6.010824,4.438468,5.738467,4.210701,5.035871,5.900000,3.101612,4.079216,4.770744,6.276942,4.215448,3.466987,4.816638,4.792703
5.700877,6.103278,2.507987,3.780212,2.475884,3.511410,4.031129,5.314132,4.675468,4.459821,4.103657,7.800641,5.508176,7.306162,5.197115,8.653323,2.061553,16.248385,4.002499,5.830952,4.589118,5.727128,2.483948,7.072482,6.676077,2.789265,6.911584,5.103920,4.903060,4.049691,5.314132,2.024846,0.000000,7.983107,6.981404,2.376973,4.455334,6.747592,6.264982,3.482815,5.787055,5.080354,6.248200,6.824954,7.657676,4.031129,4.565085,6.894926,5.333854,6.080296,4.494441,5.420332,4.580393,4.565085,5.900000,4.031129,4.580393,4.418144,6.313478,3.623534,3.498571,4.301163,4.101219
6.484597,7.983107,7.746612,11.264102,6.539113,6.754258,5.200961,8.414868,9.827004,4.816638,6.579514,6.435060,6.118823,4.410215,7.924645,5.731492,7.951101,23.916940,6.854196,6.105735,7.169379,5.731492,6.802941,4.967897,3.841875,8.004998,5.414795,9.992497,7.317103,6.212890,6.440497,7.864477,7.983107,0.000000,5.818075,8.004998,5.685948,5.800862,6.041523,7.976215,4.830114,7.648529,6.020797,6.723095,10.192154,6.171710,6.262587,7.119691,6.484597,6.573431,7.023532,6.711930,5.852350,6.140033,12.461541,8.004998,7.907591,5.780138,5.643580,6.198387,5.940539,6.174140,5.903389
7.335530,4.085340,6.369458,6.428841,7.130919,6.818358,6.708204,6.530697,5.280152,7.414850,6.726812,6.691039,3.863936,6.381222,7.782031,6.493843,7.043437,18.380696,6.463745,5.923681,6.992138,7.088018,6.476110,6.865858,5.685948,6.902898,6.228965,5.930430,9.340771,7.592760,5.948109,6.315061,6.981404,5.818075,0.000000,6.902898,6.161980,7.653757,7.117584,6.220129,5.314132,6.963476,6.239391,6.220129,6.053098,7.529276,7.085901,7.212489,6.378871,6.700746,6.363961,7.088018,7.702597,6.276942,7.011419,5.824946,4.891830,5.663921,5.547071,6.403124,7.083078,6.720119,7.779460
5.675385,5.950630,2.376973,3.720215,2.408319,5.508176,5.263079,5.220153,5.515433,4.427189,4.036087,8.655634,5.936329,7.752419,5.326350,8.600581,1.843909,16.211724,3.577709,5.793962,5.437830,6.236185,2.657066,7.981228,6.648308,2.683282,7.043437,4.742362,7.138627,3.966106,5.166237,2.284732,2.376973,8.004998,6.902898,0.000000,4.601087,6.946222,7.213876,2.745906,6.063827,4.404543,6.772001,6.868042,8.030567,4.295346,5.032892,6.928925,5.283938,6.711930,4.459821,5.966574,3.794733,4.609772,6.228965,3.006659,4.494441,4.661545,6.264982,4.651881,3.448188,4.763402,4.275512
5.573150,5.608030,4.976947,6.152235,4.972927,5.142956,3.289377,3.733631,4.701064,5.300943,5.240229,4.318565,4.700000,4.860041,3.041381,5.433231,5.021952,18.748067,5.400926,5.001000,3.201562,5.178803,5.001000,3.640055,3.956008,4.785394,3.712142,5.147815,7.011419,4.384062,4.904080,4.742362,4.455334,5.685948,6.161980,4.601087,0.000000,5.300943,3.106445,4.741308,4.792703,4.939636,5.412024,4.100000,5.981639,4.684015,2.915476,5.322593,4.876474,3.436568,5.247857,3.794733,5.714018,3.929377,8.440379,4.785394,5.185557,4.159327,5.188449,4.976947,4.704253,3.512834,4.123106
5.900000,5.852350,6.706713,7.414850,6.020797,5.769749,5.745433,5.968249,5.456189,5.622277,5.630275,3.820995,5.437830,5.727128,5.044799,5.080354,6.350591,20.033971,6.155485,6.007495,4.716991,5.565968,6.791171,3.008322,5.092151,6.624198,3.178050,6.800000,7.057620,6.041523,6.037384,6.826419,6.747592,5.800862,7.653757,6.946222,5.300943,0.000000,3.220248,6.985700,5.408327,8.100000,5.474486,4.976947,7.218033,5.800000,5.360037,6.280127,7.003571,3.162278,5.544367,4.386342,8.112336,5.232590,8.827797,8.028076,6.381222,5.385165,5.777543,6.243397,6.236986,5.235456,5.660389
6.181424,5.632051,6.020797,5.883026,5.323533,6.082763,3.255764,5.412024,4.472136,5.200961,5.714018,3.820995,5.141984,5.664804,5.096077,5.470832,6.987131,18.048823,6.152235,5.300943,4.429447,5.223983,5.263079,3.162278,4.365776,7.093659,3.401470,6.103278,7.665507,5.393515,5.948109,6.161169,6.264982,6.041523,7.117584,7.213876,3.106445,3.220248,0.000000,6.691039,5.315073,7.234639,5.217279,5.803447,6.723095,4.500000,3.744329,6.264184,5.178803,3.535534,5.597321,3.535534,6.708204,3.498571,7.840918,7.213876,5.597321,4.809366,5.714018,5.818075,5.063596,4.522168,3.605551
5.748913,5.720140,2.441311,4.883646,3.310589,6.177378,4.883646,5.162364,4.992995,4.492215,4.045986,8.348653,5.590170,7.749194,5.825805,8.653901,3.640055,16.082288,3.848376,5.852350,5.724509,6.673080,3.394113,7.582216,6.718631,3.114482,7.060453,5.813777,7.917702,3.982462,5.869412,2.668333,3.482815,7.976215,6.220129,2.745906,4.741308,6.985700,6.691039,0.000000,6.139218,4.785394,6.780118,6.576473,7.283543,4.494441,5.882176,7.029225,5.348832,6.685058,4.522168,5.964059,4.204759,5.077401,6.087693,3.101612,5.000000,4.640043,6.306346,4.652956,3.488553,5.126402,5.481788
5.457105,5.984146,5.948109,6.576473,5.126402,5.400926,5.249762,5.234501,5.742822,5.223983,5.100000,5.580323,4.804165,4.785394,5.008992,5.331041,5.412947,19.184629,5.360037,5.115662,5.001000,5.573150,4.981967,5.315073,4.272002,6.063827,5.597321,7.333485,7.045566,5.869412,4.197618,6.016644,5.787055,4.830114,5.314132,6.063827,4.792703,5.408327,5.315073,6.139218,0.000000,5.852350,5.433231,5.001000,6.236185,5.186521,5.035871,5.323533,4.220190,5.573150,5.462600,5.108816,5.464430,4.751842,8.926926,6.063827,5.234501,4.854894,4.903060,4.695743,4.883646,5.103920,5.660389
5.470832,6.008328,5.080354,4.924429,5.080354,7.077429,4.949747,5.412024,5.080354,5.080354,4.788528,7.375636,4.638965,7.496666,5.500909,8.521150,4.313931,16.601205,4.167733,5.636488,5.632051,6.777905,5.080354,7.117584,6.451356,4.060788,7.009280,5.080354,8.746428,4.301163,5.239275,5.080354,5.080354,7.648529,6.963476,4.404543,4.939636,8.100000,7.234639,4.785394,5.852350,0.000000,6.578754,6.673080,6.649060,5.080354,5.280152,7.000000,5.080354,6.603787,4.382921,6.090156,4.967897,4.632494,5.900847,3.244996,5.080354,4.750789,5.860034,5.080354,5.080354,5.385165,4.964877
3.026549,4.252058,6.207254,5.990826,4.606517,5.977458,4.465423,5.215362,4.341659,2.751363,3.590265,5.643580,3.471311,4.482187,5.921149,5.580323,6.105735,18.360011,4.393177,5.283938,5.993330,2.968164,4.648656,5.780138,5.217279,6.772001,5.247857,5.842089,7.900633,4.601087,5.420332,6.228965,6.248200,6.020797,6.239391,6.772001,5.412024,5.474486,5.217279,6.780118,5.433231,6.578754,0.000000,4.964877,6.360031,4.101219,4.860041,3.606938,5.503635,5.608030,2.507987,6.360031,4.565085,5.185557,7.299315,6.772001,4.140048,4.031129,4.504442,5.458938,3.505710,5.197115,5.147815
5.909315,5.578530,6.767570,6.425730,5.414795,6.596969,4.924429,5.661272,4.304649,4.712749,5.059644,4.341659,4.838388,5.200961,5.608030,6.711930,6.191123,17.404023,5.770615,5.001000,5.069517,6.280127,5.103920,4.686150,4.866210,6.868042,6.113101,5.803447,8.605231,5.015974,4.753946,6.621178,6.824954,6.723095,6.220129,6.868042,4.100000,4.976947,5.803447,6.576473,5.001000,6.673080,4.964877,0.000000,5.640035,5.603570,4.280187,6.029925,5.166237,4.254409,5.103920,4.143670,6.100820,3.764306,6.987131,6.868042,4.580393,4.816638,6.053098,6.281720,4.809366,4.518849,4.632494
6.209670,6.403124,6.894200,7.375636,6.618912,6.378871,6.224147,6.854196,6.103278,6.264184,6.503076,7.000714,5.442426,8.325863,7.111962,9.646243,7.939773,13.726616,6.506919,5.464430,6.519202,7.151224,7.060453,6.407808,8.400000,7.496666,8.004998,6.041523,8.653901,7.040597,5.656854,7.902531,7.657676,10.192154,6.053098,8.030567,5.981639,7.218033,6.723095,7.283543,6.236185,6.649060,6.360031,5.640035,0.000000,6.441273,6.103278,6.760178,5.522681,6.835203,6.907966,6.637017,7.566373,6.661081,6.466065,7.155418,6.100000,5.597321,5.824088,6.451356,6.129437,6.100820,7.324616
4.709565,4.964877,4.504442,5.315073,4.304649,4.638965,3.634556,4.669047,4.501111,4.410215,5.192302,5.024938,4.627094,4.509989,5.315073,5.693856,5.531727,17.876521,5.069517,5.742822,5.200000,5.135173,4.341659,5.481788,4.742362,4.464303,4.810405,5.283938,6.207254,4.368066,5.346027,4.661545,4.031129,6.171710,7.529276,4.295346,4.684015,5.800000,4.500000,4.494441,5.186521,5.080354,4.101219,5.603570,6.441273,0.000000,3.710795,5.161395,5.235456,5.325411,4.596738,5.500909,5.675385,4.257934,7.653104,5.001000,4.492215,3.671512,5.208647,3.125700,4.178516,4.701064,4.401136
5.622277,5.325411,5.464430,5.798276,4.951767,6.723095,3.758989,3.324154,4.244997,5.035871,5.821512,4.716991,4.707441,5.322593,3.492850,5.883026,5.943904,17.826385,5.762812,5.255473,3.712142,5.770615,5.021952,4.404543,4.491102,5.126402,3.601389,4.579301,8.429116,4.780167,4.753946,5.173973,4.565085,6.262587,7.085901,5.032892,2.915476,5.360037,3.744329,5.882176,5.035871,5.280152,4.860041,4.280187,6.103278,3.710795,0.000000,5.437830,4.850773,3.195309,5.173973,3.100000,6.087693,3.689173,7.580237,5.147815,5.640035,3.900000,5.099020,5.261179,4.939636,4.280187,4.396590
3.635932,4.614109,6.074537,6.500000,5.531727,5.738467,5.412024,6.074537,4.700000,4.716991,5.092151,6.977822,3.847077,6.020797,5.793962,6.224147,6.555151,17.042594,4.638965,5.859181,5.860034,4.429447,5.731492,6.307139,5.830952,6.574192,6.000833,6.010824,7.244998,5.234501,5.860034,7.211103,6.894926,7.119691,7.212489,6.928925,5.322593,6.280127,6.264184,7.029225,5.323533,7.000000,3.606938,6.029925,6.760178,5.161395,5.437830,0.000000,5.800862,5.756735,3.634556,6.378871,7.119691,5.830952,6.902898,5.948109,5.277310,5.001000,4.517743,5.474486,4.850773,5.821512,5.108816
5.854912,5.333854,5.632051,5.727128,5.481788,6.741662,4.720169,4.726521,4.876474,5.069517,5.600893,6.095900,4.751842,5.239275,5.283938,6.519202,5.445181,17.445057,5.941380,4.356604,4.909175,5.907622,5.603570,5.375872,4.738143,5.283938,5.993330,4.531004,8.486460,5.622277,4.455334,5.331041,5.333854,6.484597,6.378871,5.283938,4.876474,7.003571,5.178803,5.348832,4.220190,5.080354,5.503635,5.166237,5.522681,5.235456,4.850773,5.800862,0.000000,5.780138,6.000000,5.044799,6.041523,4.763402,7.144928,5.408327,5.217279,4.981967,5.131277,4.162932,5.240229,4.903060,6.082763
5.903389,5.360037,6.203225,5.830952,4.837355,6.030755,4.049691,4.085340,4.123106,5.440588,5.966574,3.443835,5.508176,5.966574,3.640055,5.980803,6.435060,18.166453,6.007495,5.147815,3.841875,5.412947,6.152235,3.008322,3.962323,6.711930,3.992493,5.984146,7.930952,5.393515,5.091169,6.010824,6.080296,6.573431,6.700746,6.711930,3.436568,3.162278,3.535534,6.685058,5.573150,6.603787,5.608030,4.254409,6.835203,5.325411,3.195309,5.756735,5.780138,0.000000,5.872819,3.100000,6.660330,3.405877,7.749194,6.711930,5.403702,4.743416,5.941380,5.731492,4.949747,4.162932,3.667424
2.729469,4.440721,4.386342,5.661272,2.402082,5.300943,5.234501,5.663921,5.103920,2.751363,2.607681,5.813777,3.546830,4.482187,5.869412,6.395311,4.031129,17.083618,3.584690,5.825805,5.458938,2.745906,2.690725,5.727128,5.412947,4.459821,5.346027,5.721888,6.618912,5.239275,5.500909,4.438468,4.494441,7.023532,6.363961,4.459821,5.247857,5.544367,5.597321,4.522168,5.462600,4.382921,2.507987,5.103920,6.907966,4.596738,5.173973,3.634556,6.000000,5.872819,0.000000,5.869412,4.031129,5.805170,6.911584,4.459821,3.883298,3.114482,4.472136,5.021952,2.418677,5.053712,5.336666
6.350591,5.531727,6.140033,6.420280,5.586591,6.579514,3.395585,3.383785,4.001250,6.007495,6.140033,3.551056,5.500000,5.950630,3.337664,6.262587,5.946427,17.293062,5.787055,5.147815,3.661967,5.603570,5.980803,3.125700,4.700000,5.990826,3.929377,5.984146,8.405355,5.020956,5.571355,5.738467,5.420332,6.711930,7.088018,5.966574,3.794733,4.386342,3.535534,5.964059,5.108816,6.090156,6.360031,4.143670,6.637017,5.500909,3.100000,6.378871,5.044799,3.100000,5.869412,0.000000,6.574192,3.405877,7.057620,5.990826,5.887274,5.322593,5.909315,6.262587,5.400926,3.984972,4.294182
4.560702,6.992138,4.883646,7.424284,4.318565,7.523962,6.859300,6.360031,6.777905,3.721559,3.945884,7.432362,6.788225,4.606517,7.184706,6.911584,4.301163,20.002500,4.609772,6.592420,6.083584,4.534314,4.579301,6.670832,6.879680,4.341659,5.913544,6.603030,9.270383,4.701064,6.103278,4.210701,4.580393,5.852350,7.702597,3.794733,5.714018,8.112336,6.708204,4.204759,5.464430,4.967897,4.565085,6.100820,7.566373,5.675385,6.087693,7.119691,6.041523,6.660330,4.031129,6.574192,0.000000,6.129437,8.220097,4.002499,4.617359,5.080354,7.071068,6.000000,3.883298,5.818075,6.129437
6.003332,5.445181,5.787055,5.500909,5.215362,5.950630,4.522168,4.617359,4.704253,4.614109,5.629387,4.294182,5.048762,5.001000,5.059644,5.608030,6.013319,18.005555,5.573150,3.847077,4.060788,4.904080,4.904080,4.110961,3.911521,5.100980,5.108816,5.824088,7.891768,4.816638,5.188449,5.035871,4.565085,6.140033,6.276942,4.609772,3.929377,5.232590,3.498571,5.077401,4.751842,4.632494,5.185557,3.764306,6.661081,4.257934,3.689173,5.830952,4.763402,3.405877,5.805170,3.405877,6.129437,0.000000,7.823043,6.100820,5.507268,4.535416,5.554278,4.801042,4.609772,4.401136,3.944617
7.343705,5.852350,6.228965,6.579514,6.911584,7.045566,8.287340,7.860025,4.981967,8.782369,7.905694,7.061161,7.446476,10.881176,8.249242,12.658989,6.236986,12.035365,7.116881,7.200694,6.493843,8.043009,6.603030,8.584288,11.016805,5.968249,10.720075,5.664804,8.631338,7.382412,7.355270,5.900000,5.900000,12.461541,7.011419,6.228965,8.440379,8.827797,7.840918,6.087693,8.926926,5.900847,7.299315,6.987131,6.466065,7.653104,7.580237,6.902898,7.144928,7.749194,6.911584,7.057620,8.220097,7.823043,0.000000,6.120457,5.656854,8.049845,7.550497,6.264982,7.648529,7.510659,7.877182
5.675385,4.070626,3.101612,3.827532,3.275668,6.264982,4.709565,5.220153,4.052160,4.427189,4.036087,6.906519,4.738143,7.752419,5.385165,8.600581,2.418677,16.211724,3.601389,4.957822,5.846366,6.957011,4.272002,6.818358,6.648308,4.237924,7.043437,5.813777,8.459314,3.966106,5.375872,3.101612,4.031129,8.004998,5.824946,3.006659,4.785394,8.028076,7.213876,3.101612,6.063827,3.244996,6.772001,6.868042,7.155418,5.001000,5.147815,5.948109,5.408327,6.711930,4.459821,5.990826,4.002499,6.100820,6.120457,0.000000,3.969887,4.661545,5.448853,4.060788,3.982462,5.186521,5.474486
4.830114,5.907622,3.962323,5.883026,4.172529,7.523962,5.445181,5.481788,4.036087,4.472136,3.962323,6.296825,4.684015,7.256032,6.135145,8.514693,4.301163,16.304907,4.393177,5.813777,6.935416,5.186521,4.716991,5.122499,6.552099,4.801042,6.965630,5.658622,9.270383,4.482187,5.412024,4.079216,4.580393,7.907591,4.891830,4.494441,5.185557,6.381222,5.597321,5.000000,5.234501,5.080354,4.140048,4.580393,6.100000,4.492215,5.640035,5.277310,5.217279,5.403702,3.883298,5.887274,4.617359,5.507268,5.656854,3.969887,0.000000,4.965884,5.491812,5.200000,4.742362,4.327817,6.129437
3.605551,5.818075,4.802083,5.903389,3.360060,4.346263,3.841875,4.472136,4.049691,4.360046,2.683282,4.657252,4.501111,5.069517,4.936598,5.685068,4.801042,18.532404,4.609772,4.438468,4.438468,3.956008,3.080584,4.904080,4.816638,4.661545,4.328972,5.119570,5.943904,4.304649,4.401136,4.770744,4.418144,5.780138,5.663921,4.661545,4.159327,5.385165,4.809366,4.640043,4.854894,4.750789,4.031129,4.816638,5.597321,3.671512,3.900000,5.001000,4.981967,4.743416,3.114482,5.322593,5.080354,4.535416,8.049845,4.661545,4.965884,0.000000,4.318565,5.024938,4.338202,4.368066,3.981206
4.904080,4.916299,5.738467,6.087693,4.726521,6.074537,5.742822,5.745433,4.301163,5.608921,4.410215,5.950630,4.684015,4.924429,5.818075,6.369458,6.010824,18.655026,4.418144,5.556978,5.412024,4.609772,4.509989,5.326350,5.047772,6.264982,5.731492,5.263079,7.433034,5.420332,5.059644,6.276942,6.313478,5.643580,5.547071,6.264982,5.188449,5.777543,5.714018,6.306346,4.903060,5.860034,4.504442,6.053098,5.824088,5.208647,5.099020,4.517743,5.131277,5.941380,4.472136,5.909315,7.071068,5.554278,7.550497,5.448853,5.491812,4.318565,0.000000,6.140033,5.913544,5.277310,5.423099
5.556978,6.184658,5.261179,5.522681,4.500000,4.472136,4.459821,5.600893,5.069517,4.143670,4.609772,7.451845,4.860041,6.209670,5.249762,7.707788,4.081666,18.049931,5.119570,5.467175,5.658622,5.371220,3.811824,6.700746,5.323533,3.900000,6.360031,4.827007,6.000833,4.712749,5.643580,4.215448,3.623534,6.198387,6.403124,4.651881,4.976947,6.243397,5.818075,4.652956,4.695743,5.080354,5.458938,6.281720,6.451356,3.125700,5.261179,5.474486,4.162932,5.731492,5.021952,6.262587,6.000000,4.801042,6.264982,4.060788,5.200000,5.024938,6.140033,0.000000,4.356604,4.801042,4.609772
3.721559,5.793962,3.440930,6.020797,1.992486,3.785499,4.785394,4.465423,4.738143,2.555386,3.252691,5.307542,4.883646,5.069517,5.326350,5.186521,3.584690,18.580904,3.801316,6.198387,4.561798,3.634556,2.024846,4.601087,5.261179,3.448188,4.891830,5.630275,5.508176,4.657252,5.280152,3.466987,3.498571,5.940539,7.083078,3.448188,4.704253,6.236986,5.063596,3.488553,4.883646,5.080354,3.505710,4.809366,6.129437,4.178516,4.939636,4.850773,5.240229,4.949747,2.418677,5.400926,3.883298,4.609772,7.648529,3.982462,4.742362,4.338202,5.913544,4.356604,0.000000,4.657252,4.808326
5.700000,5.830952,5.412024,5.375872,4.726521,4.652956,3.858756,5.565968,4.410215,5.131277,4.687217,4.418144,4.767599,5.028916,5.508176,5.883026,4.972927,17.826385,4.601087,4.965884,4.085340,4.870318,4.242641,4.080441,4.404543,4.373786,4.695743,5.292447,6.166036,3.613862,5.093133,4.816638,4.301163,6.174140,6.720119,4.763402,3.512834,5.235456,4.522168,5.126402,5.103920,5.385165,5.197115,4.518849,6.100820,4.701064,4.280187,5.821512,4.903060,4.162932,5.053712,3.984972,5.818075,4.401136,7.510659,5.186521,4.327817,4.368066,5.277310,4.801042,4.657252,0.000000,3.800000
5.249762,5.300943,5.385165,5.532630,4.254409,3.894868,4.219005,4.080441,4.709565,4.652956,5.028916,4.640043,5.048762,4.614109,3.200000,5.630275,5.346027,18.117671,5.220153,5.921149,4.085340,5.315073,4.418144,3.996248,4.785394,4.531004,3.052868,6.191123,5.142956,4.159327,5.813777,4.792703,4.101219,5.903389,7.779460,4.275512,4.123106,5.660389,3.605551,5.481788,5.660389,4.964877,5.147815,4.632494,7.324616,4.401136,4.396590,5.108816,6.082763,3.667424,5.336666,4.294182,6.129437,3.944617,7.877182,5.474486,6.129437,3.981206,5.423099,4.609772,4.808326,3.800000,0.000000
