0.000000,152.425000,91.127500,82.991250,78.885000,79.815000,66.785000,90.645000,98.067500,27.175000,37.462500,180.110000,78.492500,143.963750,118.957500,37.902500,57.260000,107.000000,148.397500,111.781250,113.135000,76.460000,30.677500,120.387500,113.067500,75.985000,97.850000,119.985000,51.006563,57.280000,123.906250,69.710000,54.438750,145.797500,139.783750,72.461250,115.816250,100.110000,96.217500,84.300000,110.768750,141.430000,41.970000,99.312500,191.443750,84.200000,104.385000,125.106250,146.138750,99.100000,56.705000,134.263750,88.000000,118.335000,125.738750,124.877500,92.550000,49.360000,115.478750,61.215000,34.972500,64.710000,80.641250
152.425000,0.000000,128.593750,63.372500,110.487500,80.418750,91.010000,124.945000,59.841250,127.085000,111.007500,213.136250,124.765000,136.988125,130.567500,166.910000,113.060000,116.677500,251.218125,128.468750,127.086250,99.000000,121.885000,182.244375,137.792500,88.818750,106.635000,123.198750,63.101250,121.655000,163.021250,94.552500,75.556250,170.981250,58.855000,115.645000,167.506250,108.305000,118.552500,123.987500,153.573750,134.536875,181.462500,190.492500,275.369063,135.700000,147.100000,88.242500,175.460000,125.892500,164.040000,169.981250,174.600000,160.461875,136.712500,167.750000,190.918125,94.695000,106.555000,82.975000,106.392500,94.813750,108.325000
91.127500,128.593750,0.000000,34.130000,33.975000,63.332500,63.350000,64.812500,84.257500,34.722500,106.881250,146.293750,110.207500,183.169375,80.582500,71.112500,24.015000,29.480000,79.775000,106.643750,86.450000,98.615000,36.643750,110.216875,93.908750,26.982500,80.935000,76.588750,39.160625,55.067500,102.118750,20.625000,17.936250,119.966875,116.983750,18.167500,84.735625,83.627500,110.881250,33.925000,97.288750,130.297500,94.421250,86.451250,247.382500,48.255000,79.070000,187.243750,107.801250,84.680000,46.797500,103.615000,49.972500,109.360000,118.792500,38.485000,154.920000,78.195000,134.550000,43.597500,21.897500,73.870000,58.680000
82.991250,63.372500,34.130000,0.000000,40.347500,29.788750,38.648750,45.463750,40.632500,62.248750,84.096875,95.343125,75.618125,151.432500,54.477500,72.116250,45.932500,39.416250,89.973750,78.937500,62.642500,91.303750,42.525000,113.331250,77.589375,29.160000,48.077500,57.910000,13.515313,46.920000,81.791875,26.088750,15.470000,103.005000,98.565000,26.277500,69.721250,68.092500,85.665000,46.932500,80.278750,73.030000,89.014375,92.141875,175.771875,58.018750,68.028750,120.807500,110.760625,64.785000,74.643750,76.120625,79.601250,82.498750,70.403750,50.962500,134.083750,39.257500,107.115625,38.635000,33.397500,61.202500,41.330000
78.885000,110.487500,33.975000,40.347500,0.000000,34.542500,50.890000,58.562500,60.250000,35.605000,64.295000,118.542500,52.985000,111.712500,67.805000,63.502500,16.635000,50.357500,116.207500,65.872500,59.922500,74.692500,11.875000,116.455000,57.070000,28.195000,62.290000,74.090000,27.631250,46.987500,81.117500,24.895000,18.235000,120.330000,73.455000,25.680000,77.162500,69.665000,85.955000,38.247500,62.055000,79.157500,82.337500,117.795000,174.750000,32.040000,68.670000,106.882500,88.217500,67.197500,58.202500,94.090000,49.675000,71.500000,106.442500,59.822500,149.420000,53.460000,88.075000,26.157500,12.417500,52.237500,56.180000
79.815000,80.418750,63.332500,29.788750,34.542500,0.000000,53.325000,64.485000,61.077500,54.512500,73.932500,113.312500,82.752500,125.796250,76.825000,76.907500,51.375000,64.460000,107.656250,86.975000,71.635000,59.387500,42.781250,102.207500,85.425000,36.218750,68.370000,87.083750,15.403437,56.692500,92.616250,52.925000,31.238750,111.611875,98.987500,42.120000,58.457500,74.327500,82.605000,70.465000,89.930000,80.527500,91.501250,85.581250,199.169375,61.635000,79.142500,115.292500,125.888750,63.252500,60.512500,94.605000,85.337500,65.801875,103.881250,76.997500,148.685000,33.650000,110.748750,49.635000,34.966250,43.570000,41.215000
66.785000,91.010000,63.350000,38.648750,50.890000,53.325000,0.000000,76.182500,76.912500,49.757500,67.107500,111.160000,78.950000,109.548750,38.785000,68.345000,60.517500,79.770000,111.262500,88.355000,44.917500,77.715000,42.147500,164.560000,121.157500,45.425000,101.392500,107.150000,26.048438,54.812500,60.070000,48.805000,36.966250,126.816250,110.045000,48.157500,113.570000,111.222500,126.155000,63.337500,74.835000,105.725000,87.080000,135.365000,207.577500,66.137500,104.872500,109.456250,113.642500,107.085000,65.115000,112.290000,85.755000,74.998750,118.992500,92.397500,171.596250,55.022500,73.940000,36.215000,35.301250,88.740000,67.033750
90.645000,124.945000,64.812500,45.463750,58.562500,64.485000,76.182500,0.000000,80.352500,63.277500,88.828750,109.461250,96.865000,182.633750,84.212500,83.005000,69.947500,106.865000,114.039375,146.736250,68.837500,110.042500,64.295000,67.591875,119.902500,62.150000,47.750000,145.463750,45.950000,41.185000,84.651250,53.135000,41.146250,127.955625,157.887500,52.432500,64.196875,60.015000,106.650000,77.765000,116.375000,155.875625,96.444375,76.606250,189.505625,63.660000,37.030000,136.726875,133.193125,60.882500,77.511250,51.218125,109.525000,143.648750,72.113750,84.367500,176.029375,47.600000,122.032500,74.475000,52.073750,71.236250,37.503750
98.067500,59.841250,84.257500,40.632500,60.250000,61.077500,76.912500,80.352500,0.000000,94.892500,82.057500,188.582500,87.520000,168.647500,96.725000,108.702500,91.098750,108.008750,174.970000,87.187500,104.245000,90.562500,73.735000,120.337500,98.235000,68.874375,83.107500,76.782500,44.519375,77.110000,136.855000,64.520000,53.844375,154.806250,105.022500,71.363125,94.047500,83.372500,86.960000,93.227500,103.082500,114.780000,103.860000,129.235000,170.898750,100.282500,104.817500,94.865000,163.631250,83.680000,106.987500,130.127500,137.595000,108.075000,99.880000,121.585000,135.880000,54.795000,102.425000,77.210000,69.088125,64.285000,95.088750
27.175000,127.085000,34.722500,62.248750,35.605000,54.512500,49.757500,63.277500,94.892500,0.000000,64.885000,144.266250,77.452500,148.943750,86.282500,33.665000,38.125000,73.410000,70.556250,112.498125,87.817500,81.165000,20.500000,105.195000,102.482500,42.645000,79.030000,93.716250,34.837812,35.995000,98.455000,37.882500,29.522500,114.755625,141.282500,25.605000,94.131250,88.397500,89.435000,55.462500,92.506250,127.987500,47.301875,75.467500,184.669688,53.010000,83.677500,150.752500,114.571250,90.732500,24.065000,106.257500,48.580000,100.596875,131.701250,83.248750,110.786875,45.825000,139.625000,41.445000,17.387500,51.840000,64.990000
37.462500,111.007500,106.881250,84.096875,64.295000,73.932500,67.107500,88.828750,82.057500,64.885000,0.000000,177.865000,72.910000,165.200000,112.890000,69.462500,89.483750,86.765000,135.162500,115.370000,104.973750,85.535000,33.381250,143.912500,127.195000,86.366250,113.590000,120.237500,59.922031,69.505000,125.775000,77.587500,58.615625,166.190000,124.585000,78.251875,106.175000,114.411250,107.312500,101.478750,97.985000,139.795000,69.850000,129.720000,304.467500,71.890000,100.200000,139.877500,136.780000,110.732500,50.906250,134.900000,165.260000,113.500000,140.005000,149.802500,170.092500,49.840000,135.525000,58.468750,43.393125,74.627500,88.970625
180.110000,213.136250,146.293750,95.343125,118.542500,113.312500,111.160000,109.461250,188.582500,144.266250,177.865000,0.000000,199.732500,269.695000,129.295000,160.460000,139.103750,188.784688,155.045000,201.007500,85.472500,176.046250,137.556875,167.560000,223.165000,126.161875,89.327500,242.207500,86.503047,126.450000,143.985000,136.651250,103.421875,238.015000,243.155000,119.618125,150.660000,169.911250,227.150000,169.551250,204.052500,193.405000,195.715000,208.552500,308.207500,144.900000,106.646250,224.360000,189.540000,171.410000,170.807500,115.260000,164.022500,215.360000,175.637500,149.398750,295.872500,123.673750,204.845000,132.470000,114.651250,153.097500,81.331250
78.492500,124.765000,110.207500,75.618125,52.985000,82.752500,78.950000,96.865000,87.520000,77.452500,72.910000,199.732500,0.000000,160.906250,110.765000,130.900000,83.022500,114.075000,177.912500,126.055000,119.523750,123.180000,57.781250,141.930000,100.245000,78.559375,117.158750,115.427500,60.269844,71.463750,133.307500,71.915000,56.483125,127.875000,136.895000,77.370000,128.946250,123.785000,129.575000,103.167500,117.192500,130.826250,109.838750,178.950000,269.017500,72.972500,122.800000,119.697500,137.815000,103.685000,97.121250,136.503750,133.255000,148.248750,140.502500,116.147500,139.755000,58.761250,145.937500,67.745000,57.220000,85.172500,84.936250
143.963750,136.988125,183.169375,151.432500,111.712500,125.796250,109.548750,182.633750,168.647500,148.943750,165.200000,269.695000,160.906250,0.000000,183.967500,145.877500,183.705000,221.530312,246.941250,172.582500,168.067500,114.542500,130.868125,211.550000,196.158750,165.550312,166.733750,187.978750,94.536562,186.090000,215.520000,166.266250,136.080625,206.515000,217.700000,171.301250,190.041250,182.742500,173.303750,202.293750,175.902500,248.637500,189.688750,226.327500,290.383750,143.062500,193.832500,143.492500,215.652500,201.710000,92.258750,226.347500,222.557500,165.617500,251.542500,208.608750,272.747500,134.843125,162.147500,128.860625,120.114375,168.695000,140.491875
118.957500,130.567500,80.582500,54.477500,67.805000,76.825000,38.785000,84.212500,96.725000,86.282500,112.890000,129.295000,110.765000,183.967500,0.000000,105.042500,86.782500,114.665000,138.225000,121.760000,81.195000,141.360000,72.340000,213.611250,140.845000,66.786250,135.065000,122.535000,47.902812,79.692500,91.795000,72.675000,55.155000,171.653750,168.410000,61.712500,153.663750,133.600000,131.925000,104.470000,122.195000,138.557500,152.593750,169.957500,230.577500,96.010000,121.590000,160.072500,137.260000,150.100000,98.477500,142.400000,132.557500,134.730000,133.602500,99.515000,229.746250,75.827500,104.135000,58.742500,65.588750,139.942500,88.318750
37.902500,166.910000,71.112500,72.116250,63.502500,76.907500,68.345000,83.005000,108.702500,33.665000,69.462500,160.460000,130.900000,145.877500,105.042500,0.000000,74.725000,124.175000,121.032500,126.125000,112.945000,81.592500,32.002500,118.490000,114.640000,64.947500,82.132500,128.417500,43.101563,69.095000,127.365000,66.760000,54.881250,92.680000,147.697500,54.017500,108.905000,101.622500,98.275000,90.387500,85.220000,162.570000,109.857500,60.475000,225.520000,95.002500,100.637500,141.290000,123.787500,96.342500,37.267500,104.665000,74.425000,132.365000,151.555000,104.960000,136.320000,47.015000,102.702500,69.065000,27.900000,69.115000,73.505000
57.260000,113.060000,24.015000,45.932500,16.635000,51.375000,60.517500,69.947500,91.098750,38.125000,89.483750,139.103750,83.022500,183.705000,86.782500,74.725000,0.000000,28.517500,76.380000,110.765000,91.845000,107.170000,28.790000,120.008750,91.306250,19.467500,83.110000,82.568750,36.233437,42.625000,106.293750,18.890000,16.105000,108.371250,115.938750,17.990000,84.326250,90.915000,107.532500,26.012500,98.961250,94.092500,112.051875,88.005000,243.612500,56.052500,83.252500,191.298750,108.806875,88.152500,35.112500,107.763125,29.495000,113.305000,122.560000,27.365000,159.785625,69.087500,136.658750,28.342500,24.751250,61.200000,66.945000
107.000000,116.677500,29.480000,39.416250,50.357500,64.460000,79.770000,106.865000,108.008750,73.410000,86.765000,188.784688,114.075000,221.530312,114.665000,124.175000,28.517500,0.000000,130.598125,124.742500,141.900000,107.177500,41.897500,177.091875,157.723750,25.692500,121.492500,96.880625,53.809531,82.577500,131.643125,25.292500,12.483750,181.945937,158.848125,25.182500,153.972813,108.072500,143.593125,29.385000,131.098125,158.845625,98.393750,142.466875,268.437656,71.980000,115.061250,219.216562,132.522500,132.032500,63.158750,164.150625,52.002500,154.481563,154.418125,53.037500,196.202812,99.960000,171.433750,36.080000,40.085000,94.815625,86.052500
148.397500,251.218125,79.775000,89.973750,116.207500,107.656250,111.262500,114.039375,174.970000,70.556250,135.162500,155.045000,177.912500,246.941250,138.225000,121.032500,76.380000,130.598125,0.000000,172.905000,147.810000,182.151250,91.922500,184.062500,172.897500,91.296875,129.785000,153.740000,79.561563,118.877500,165.642500,83.731250,77.902500,181.546250,272.765000,69.239375,140.610000,157.396250,160.792500,98.241250,174.010000,167.277500,145.045000,119.032500,262.020000,108.830000,134.217500,263.965000,198.267500,131.932500,129.516250,153.817500,109.960000,162.377500,161.277500,111.687500,273.812500,148.321250,232.640000,108.370000,67.593750,124.177500,106.910000
111.781250,128.468750,106.643750,78.937500,65.872500,86.975000,88.355000,146.736250,87.187500,112.498125,115.370000,201.007500,126.055000,172.582500,121.760000,126.125000,110.765000,124.742500,172.905000,0.000000,144.908750,110.250000,90.940625,195.882500,106.542500,96.608750,122.128750,98.517500,64.213437,114.387500,146.670000,102.282500,73.130625,141.110000,155.270000,95.955000,140.567500,141.973750,128.480000,128.397500,116.140000,172.052500,153.672500,172.907500,198.001250,100.262500,164.066250,156.132500,158.350000,132.050000,121.090000,208.537500,161.792500,119.302500,178.047500,153.852500,163.275000,87.407500,139.175000,81.287500,82.465625,127.510000,115.055625
113.135000,127.086250,86.450000,62.642500,59.922500,71.635000,44.917500,68.837500,104.245000,87.817500,104.973750,85.472500,119.523750,168.067500,81.195000,112.945000,91.845000,141.900000,147.810000,144.908750,0.000000,114.690000,74.543750,133.481250,161.931250,79.620000,111.790000,180.105000,56.153281,70.682500,71.348750,84.235000,62.460000,165.978750,145.882500,73.151250,119.409375,128.686250,175.247500,99.695000,112.965000,160.947500,121.060000,149.482500,192.936250,90.647500,91.232500,139.558750,104.258750,134.600000,96.195000,85.958750,117.112500,134.264375,143.618750,105.780000,198.810000,68.887500,120.375000,59.515000,65.391875,114.765000,52.496250
76.460000,99.000000,98.615000,91.303750,74.692500,59.387500,77.715000,110.042500,90.562500,81.165000,85.535000,176.046250,123.180000,114.542500,141.360000,81.592500,107.170000,107.177500,182.151250,110.250000,114.690000,0.000000,70.317500,124.028750,123.085000,79.500000,93.155000,145.612500,41.650313,100.487500,151.518750,91.100000,74.408750,121.362500,103.782500,87.211250,106.367500,99.550000,120.112500,116.440000,105.220000,140.803750,137.028750,124.068750,222.201250,86.070000,118.582500,94.950000,167.881250,98.690000,94.610000,140.333750,124.427500,103.040000,144.048750,155.562500,177.251250,79.197500,78.391250,73.917500,68.555000,83.292500,79.953750
30.677500,121.885000,36.643750,42.525000,11.875000,42.781250,42.147500,64.295000,73.735000,20.500000,33.381250,137.556875,57.781250,130.868125,72.340000,32.002500,28.790000,41.897500,91.922500,90.940625,74.543750,70.317500,0.000000,108.930000,96.481250,35.200000,79.432500,81.685000,29.512500,34.605000,89.480000,29.950000,35.400000,108.929375,136.756250,38.232500,84.500000,85.120000,85.430000,47.742500,75.351250,109.934375,54.031875,88.887500,169.951875,47.055000,79.695000,124.277500,108.707500,80.523750,26.518750,103.879375,50.232500,86.500625,116.520000,65.305000,124.498750,38.690000,104.324375,27.895000,15.857500,42.940000,47.630000
120.387500,182.244375,110.216875,113.331250,116.455000,102.207500,164.560000,67.591875,120.337500,105.195000,143.912500,167.560000,141.930000,211.550000,213.611250,118.490000,120.008750,177.091875,184.062500,195.882500,133.481250,124.028750,108.930000,0.000000,193.856250,118.650625,101.997500,203.942500,98.876953,105.999375,225.250000,117.753750,90.801250,171.702500,190.013750,104.730625,79.565000,101.925000,126.086250,138.776250,176.722500,218.220000,118.955000,151.905000,245.205000,100.275000,69.178750,167.462500,214.480000,54.068750,119.941250,96.655000,209.895000,175.855000,111.895000,166.562500,206.350000,98.238750,213.383750,148.570000,96.929375,85.140000,67.564375
113.067500,137.792500,93.908750,77.589375,57.070000,85.425000,121.157500,119.902500,98.235000,102.482500,127.195000,223.165000,100.245000,196.158750,140.845000,114.640000,91.306250,157.723750,172.897500,106.542500,161.931250,123.085000,96.481250,193.856250,0.000000,83.051875,88.882500,107.400000,67.882812,108.020000,173.437500,84.477500,68.725625,61.003750,133.830000,90.283125,140.011250,105.603750,83.035000,125.575000,97.192500,184.542500,161.850000,155.885000,296.937500,69.915000,136.617500,173.135000,195.945000,103.665000,125.156250,163.746250,135.755000,128.453750,172.207500,143.120000,186.772500,88.667500,132.912500,105.645000,84.190000,87.647500,108.087500
75.985000,88.818750,26.982500,29.160000,28.195000,36.218750,45.425000,62.150000,68.874375,42.645000,86.366250,126.161875,78.559375,165.550312,66.786250,64.947500,19.467500,25.692500,91.296875,96.608750,79.620000,79.500000,35.200000,118.650625,83.051875,0.000000,64.477500,75.331250,20.340625,36.365000,93.951250,20.776250,9.035000,116.488750,83.115000,16.472500,78.764375,77.507500,101.561875,27.201250,73.896875,60.794375,111.486875,88.151250,217.311562,51.748750,78.506250,155.903125,104.827812,70.702500,48.990625,94.874375,34.472500,99.271875,94.322500,37.957500,161.260625,59.972500,102.572500,28.072500,11.585000,67.514375,45.555000
97.850000,106.635000,80.935000,48.077500,62.290000,68.370000,101.392500,47.750000,83.107500,79.030000,113.590000,89.327500,117.158750,166.733750,135.065000,82.132500,83.110000,121.492500,129.785000,122.128750,111.790000,93.155000,79.432500,101.997500,88.882500,64.477500,0.000000,148.322500,44.018438,58.280000,125.456250,70.690000,50.632500,115.456250,143.761250,62.205000,87.298750,46.955000,87.523750,108.980000,116.016250,155.400000,104.551250,73.817500,176.050000,75.580000,67.181250,116.225000,118.976250,48.090000,89.777500,71.031250,117.210000,144.970000,71.390000,104.842500,156.158750,61.280000,124.442500,95.690000,56.990000,52.090000,46.147500
119.985000,123.198750,76.588750,57.910000,74.090000,87.083750,107.150000,145.463750,76.782500,93.716250,120.237500,242.207500,115.427500,187.978750,122.535000,128.417500,82.568750,96.880625,153.740000,98.517500,180.105000,145.612500,81.685000,203.942500,107.400000,75.331250,148.322500,0.000000,58.862031,123.722500,192.490000,73.731250,56.922500,155.470000,162.660000,77.090000,136.881250,119.228750,90.745000,111.458750,161.275000,149.550000,144.621250,141.797500,278.830000,93.872500,164.658750,176.667500,199.017500,125.865000,111.835000,193.566250,126.627500,126.483750,158.475000,108.500000,183.007500,112.321250,185.387500,85.096250,73.372500,106.082500,114.482500
51.006563,63.101250,39.160625,13.515313,27.631250,15.403437,26.048438,45.950000,44.519375,34.837812,59.922031,86.503047,60.269844,94.536562,47.902812,43.101563,36.233437,53.809531,79.561563,64.213437,56.153281,41.650313,29.512500,98.876953,67.882812,20.340625,44.018438,58.862031,0.000000,42.024687,75.950781,35.888750,13.178750,97.425312,88.196563,25.630000,63.248906,51.701250,57.956094,56.668438,76.093594,59.333203,76.474922,86.701250,174.719062,39.292813,59.083281,79.875469,112.399922,49.650781,45.078594,73.322344,65.412500,59.557031,80.510938,52.279219,149.236641,33.050625,76.365781,29.013125,18.233750,48.581719,21.670000
57.280000,121.655000,55.067500,46.920000,46.987500,56.692500,54.812500,41.185000,77.110000,35.995000,69.505000,126.450000,71.463750,186.090000,79.692500,69.095000,42.625000,82.577500,118.877500,114.387500,70.682500,100.487500,34.605000,105.999375,108.020000,36.365000,58.280000,123.722500,42.024687,0.000000,84.986250,32.780000,27.825000,122.208750,121.583750,30.240000,92.330625,92.807500,118.257500,51.245000,88.586250,118.843750,72.020000,81.273750,191.366250,62.370000,65.626250,126.527500,107.948125,82.763750,47.487500,77.652500,58.195000,126.466250,84.191250,79.572500,132.295625,33.425000,107.803750,54.840000,27.948750,71.522500,48.712500
123.906250,163.021250,102.118750,81.791875,81.117500,92.616250,60.070000,84.651250,136.855000,98.455000,125.775000,143.985000,133.307500,215.520000,91.795000,127.365000,106.293750,131.643125,165.642500,146.670000,71.348750,151.518750,89.480000,225.250000,173.437500,93.951250,125.456250,192.490000,75.950781,84.986250,0.000000,100.897500,79.331875,145.292500,174.475000,89.581250,189.795000,174.996250,202.762500,112.646250,108.955000,176.175000,175.845000,198.205000,253.610000,111.020000,125.797500,173.362500,162.030000,163.232500,110.352500,179.427500,150.737500,131.162500,193.420000,127.582500,227.852500,86.227500,124.027500,71.250000,79.304375,143.487500,102.693125
69.710000,94.552500,20.625000,26.088750,24.895000,52.925000,48.805000,53.135000,64.520000,37.882500,77.587500,136.651250,71.915000,166.266250,72.675000,66.760000,18.890000,25.292500,83.731250,102.282500,84.235000,91.100000,29.950000,117.753750,84.477500,20.776250,70.690000,73.731250,35.888750,32.780000,100.897500,0.000000,9.092500,116.302500,107.935000,13.071250,72.381250,78.455000,100.972500,19.430000,93.488750,102.153750,95.157500,83.187500,241.331250,51.110000,75.490000,172.231250,96.026250,73.570000,38.795000,92.661250,46.950000,95.941250,96.767500,35.100000,171.395000,54.765000,119.252500,29.260000,20.516250,61.257500,58.296250
54.438750,75.556250,17.936250,15.470000,18.235000,31.238750,36.966250,41.146250,53.844375,29.522500,58.615625,103.421875,56.483125,136.080625,55.155000,54.881250,16.105000,12.483750,77.902500,73.130625,62.460000,74.408750,35.400000,90.801250,68.725625,9.035000,50.632500,56.922500,13.178750,27.825000,79.331875,9.092500,0.000000,86.945937,89.186250,10.462500,59.727500,59.466250,79.062500,26.353750,64.836250,71.687500,79.022500,66.750000,191.027813,37.202500,60.029375,131.208750,86.557813,56.030000,29.888125,74.817500,42.118750,80.528125,79.938125,28.825625,139.016875,42.440000,96.881875,18.500000,4.125000,44.491250,34.675000
145.797500,170.981250,119.966875,103.005000,120.330000,111.611875,126.816250,127.955625,154.806250,114.755625,166.190000,238.015000,127.875000,206.515000,171.653750,92.680000,108.371250,181.945937,181.546250,141.110000,165.978750,121.362500,108.929375,171.702500,61.003750,116.488750,115.456250,155.470000,97.425312,122.208750,145.292500,116.302500,86.945937,0.000000,172.636250,113.286250,134.712500,100.621250,117.181250,150.859375,165.050000,233.850000,162.457500,135.562500,270.780000,104.597500,137.283750,196.008750,210.652500,118.645000,145.343750,158.008750,153.245000,149.703750,150.113750,173.628750,195.541250,89.143125,167.976250,112.320625,95.245938,107.905000,117.353125
139.783750,58.855000,116.983750,98.565000,73.455000,98.987500,110.045000,157.887500,105.022500,141.282500,124.585000,243.155000,136.895000,217.700000,168.410000,147.697500,115.938750,158.848125,272.765000,155.270000,145.882500,103.782500,136.756250,190.013750,133.830000,83.115000,143.761250,162.660000,88.196563,121.583750,174.475000,107.935000,89.186250,172.636250,0.000000,101.311250,178.017500,149.011250,167.250000,109.762500,151.345000,150.202500,189.672500,204.660000,336.300625,130.380000,158.622500,140.042500,180.428750,147.857500,150.690000,184.013750,174.950000,186.847500,189.452500,157.037500,181.235000,93.305000,122.900000,94.467500,118.985625,121.640000,133.252500
72.461250,115.645000,18.167500,26.277500,25.680000,42.120000,48.157500,52.432500,71.363125,25.605000,78.251875,119.618125,77.370000,171.301250,61.712500,54.017500,17.990000,25.182500,69.239375,95.955000,73.151250,87.211250,38.232500,104.730625,90.283125,16.472500,62.205000,77.090000,25.630000,30.240000,89.581250,13.071250,10.462500,113.286250,101.311250,0.000000,74.904375,76.362500,101.686875,21.816250,84.766875,88.460625,99.665000,78.426875,204.772813,46.290000,73.900000,170.204375,93.598750,68.243750,35.877500,88.729375,34.917500,105.785312,92.555625,24.570000,170.410625,62.415000,119.827500,29.660000,14.757500,67.311250,54.195000
115.816250,167.506250,84.735625,69.721250,77.162500,58.457500,113.570000,64.196875,94.047500,94.131250,106.175000,150.660000,128.946250,190.041250,153.663750,108.905000,84.326250,153.972813,140.610000,140.567500,119.409375,106.367500,84.500000,79.565000,140.011250,78.764375,87.298750,136.881250,63.248906,92.330625,189.795000,72.381250,59.727500,134.712500,178.017500,74.904375,0.000000,90.117500,100.070000,117.125625,178.110000,162.990000,118.427500,117.998750,243.536250,86.930000,62.893750,177.690000,184.867500,69.587500,118.075000,103.772500,155.037500,128.982500,121.912500,130.115000,194.445000,81.795000,188.992500,113.626250,65.287500,53.177500,46.553125
100.110000,108.305000,83.627500,68.092500,69.665000,74.327500,111.222500,60.015000,83.372500,88.397500,114.411250,169.911250,123.785000,182.742500,133.600000,101.622500,90.915000,108.072500,157.396250,141.973750,128.686250,99.550000,85.120000,101.925000,105.603750,77.507500,46.955000,119.228750,51.701250,92.807500,174.996250,78.455000,59.466250,100.621250,149.011250,76.362500,90.117500,0.000000,77.236250,112.470000,133.931250,172.185000,131.910000,79.372500,256.998750,83.430000,79.722500,147.483750,214.390625,41.945000,106.352500,113.068750,132.545000,140.935000,88.795000,126.625000,176.547500,78.155000,156.400000,115.255000,70.988750,55.465000,53.327500
96.217500,118.552500,110.881250,85.665000,85.955000,82.605000,126.155000,106.650000,86.960000,89.435000,107.312500,227.150000,129.575000,173.303750,131.925000,98.275000,107.532500,143.593125,160.792500,128.480000,175.247500,120.112500,85.430000,126.086250,83.035000,101.561875,87.523750,90.745000,57.956094,118.257500,202.762500,100.972500,79.062500,117.181250,167.250000,101.686875,100.070000,77.236250,0.000000,139.415000,149.477500,182.730000,127.432500,105.220000,199.553750,75.527500,125.842500,139.115000,213.231250,64.287500,107.212500,155.958750,159.047500,143.057500,135.760000,158.587500,166.605000,100.550000,169.447500,115.968750,79.216250,82.185000,109.145000
84.300000,123.987500,33.925000,46.932500,38.247500,70.465000,63.337500,77.765000,93.227500,55.462500,101.478750,169.551250,103.167500,202.293750,104.470000,90.387500,26.012500,29.385000,98.241250,128.397500,99.695000,116.440000,47.742500,138.776250,125.575000,27.201250,108.980000,111.458750,56.668438,51.245000,112.646250,19.430000,26.353750,150.859375,109.762500,21.816250,117.125625,112.470000,139.415000,0.000000,100.891250,112.410000,116.836250,103.996250,234.342500,76.210000,110.782500,194.933750,103.713125,117.182500,48.106250,131.706875,42.455000,141.891875,148.042500,45.872500,180.660000,77.322500,128.417500,39.435000,36.316250,92.112500,89.218750
110.768750,153.573750,97.288750,80.278750,62.055000,89.930000,74.835000,116.375000,103.082500,92.506250,97.985000,204.052500,117.192500,175.902500,122.195000,85.220000,98.961250,131.098125,174.010000,116.140000,112.965000,105.220000,75.351250,176.722500,97.192500,73.896875,116.016250,161.275000,76.093594,88.586250,108.955000,93.488750,64.836250,165.050000,151.345000,84.766875,178.110000,133.931250,149.477500,100.891250,0.000000,158.997500,141.346250,158.057500,301.376250,73.147500,144.592500,152.525000,117.530000,141.562500,98.743750,158.841250,146.237500,139.718750,174.945000,133.001250,169.275000,80.783750,103.862500,62.882500,64.277500,109.237500,114.125625
141.430000,134.536875,130.297500,73.030000,79.157500,80.527500,105.725000,155.875625,114.780000,127.987500,139.795000,193.405000,130.826250,248.637500,138.557500,162.570000,94.092500,158.845625,167.277500,172.052500,160.947500,140.803750,109.934375,218.220000,184.542500,60.794375,155.400000,149.550000,59.333203,118.843750,176.175000,102.153750,71.687500,233.850000,150.202500,88.460625,162.990000,172.185000,182.730000,112.410000,158.997500,0.000000,196.055000,198.395000,367.475000,156.405000,173.115000,221.857500,221.475000,161.905000,141.386250,190.540000,122.670000,187.745000,160.937500,102.031250,252.595000,114.097500,171.820000,96.027500,102.539375,135.887500,106.271250
41.970000,181.462500,94.421250,89.014375,82.337500,91.501250,87.080000,96.444375,103.860000,47.301875,69.850000,195.715000,109.838750,189.688750,152.593750,109.857500,112.051875,98.393750,145.045000,153.672500,121.060000,137.028750,54.031875,118.955000,161.850000,111.486875,104.551250,144.621250,76.474922,72.020000,175.845000,95.157500,79.022500,162.457500,189.672500,99.665000,118.427500,131.910000,127.432500,116.836250,141.346250,196.055000,0.000000,139.232500,199.877500,82.357500,115.252500,147.190000,156.877500,95.660000,68.473750,145.825000,220.497500,145.122500,131.400000,171.692500,147.225000,76.997500,188.387500,82.770000,50.606875,95.495000,99.113750
99.312500,190.492500,86.451250,92.141875,117.795000,85.581250,135.365000,76.606250,129.235000,75.467500,129.720000,208.552500,178.950000,226.327500,169.957500,60.475000,88.005000,142.466875,119.032500,172.907500,149.482500,124.068750,88.887500,151.905000,155.885000,88.151250,73.817500,141.797500,86.701250,81.273750,198.205000,83.187500,66.750000,135.562500,204.660000,78.426875,117.998750,79.372500,105.220000,103.996250,158.057500,198.395000,139.232500,0.000000,272.883125,75.507500,80.040000,196.625000,223.695000,72.515000,83.976250,142.315000,129.727500,156.512500,121.195000,135.772500,179.652500,109.498750,167.040000,123.323750,74.258125,78.930000,80.187500
191.443750,275.369063,247.382500,175.771875,174.750000,199.169375,207.577500,189.505625,170.898750,184.669688,304.467500,308.207500,269.017500,290.383750,230.577500,225.520000,243.612500,268.437656,262.020000,198.001250,192.936250,222.201250,169.951875,245.205000,296.937500,217.311562,176.050000,278.830000,174.719062,191.366250,253.610000,241.331250,191.027813,270.780000,336.300625,204.772813,243.536250,256.998750,199.553750,234.342500,301.376250,367.475000,199.877500,272.883125,0.000000,206.932500,226.753125,220.048750,254.241250,216.495000,212.532500,272.577500,299.327500,248.961250,244.716250,315.613750,302.332500,164.958125,263.371250,196.719375,166.061875,215.790000,198.924688
84.200000,135.700000,48.255000,58.018750,32.040000,61.635000,66.137500,63.660000,100.282500,53.010000,71.890000,144.900000,72.972500,143.062500,96.010000,95.002500,56.052500,71.980000,108.830000,100.262500,90.647500,86.070000,47.055000,100.275000,69.915000,51.748750,75.580000,93.872500,39.292813,62.370000,111.020000,51.110000,37.202500,104.597500,130.380000,46.290000,86.930000,83.430000,75.527500,76.210000,73.147500,156.405000,82.357500,75.507500,206.932500,0.000000,64.857500,139.155000,102.595000,75.075000,50.785000,86.720000,87.540000,115.657500,101.937500,68.750000,156.445000,71.497500,118.492500,52.780000,35.883750,61.345000,32.347500
104.385000,147.100000,79.070000,68.028750,68.670000,79.142500,104.872500,37.030000,104.817500,83.677500,100.200000,106.646250,122.800000,193.832500,121.590000,100.637500,83.252500,115.061250,134.217500,164.066250,91.232500,118.582500,79.695000,69.178750,136.617500,78.506250,67.181250,164.658750,59.083281,65.626250,125.797500,75.490000,60.029375,137.283750,158.622500,73.900000,62.893750,79.722500,125.842500,110.782500,144.592500,173.115000,115.252500,80.040000,226.753125,64.857500,0.000000,149.456250,177.037500,51.740000,96.752500,50.335000,119.120000,150.265000,90.437500,111.200000,175.603750,71.882500,140.190000,109.082500,71.561250,76.375000,42.363750
125.106250,88.242500,187.243750,120.807500,106.882500,115.292500,109.456250,136.726875,94.865000,150.752500,139.877500,224.360000,119.697500,143.492500,160.072500,141.290000,191.298750,219.216562,263.965000,156.132500,139.558750,94.950000,124.277500,167.462500,173.135000,155.903125,116.225000,176.667500,79.875469,126.527500,173.362500,172.231250,131.208750,196.008750,140.042500,170.204375,177.690000,147.483750,139.115000,194.933750,152.525000,221.857500,147.190000,196.625000,220.048750,139.155000,149.456250,0.000000,226.725000,124.587500,82.292500,176.630000,245.025000,178.648750,160.340000,245.473750,157.670000,72.175000,116.580000,140.030000,130.711250,149.380000,112.980000
146.138750,175.460000,107.801250,110.760625,88.217500,125.888750,113.642500,133.193125,163.631250,114.571250,136.780000,189.540000,137.815000,215.652500,137.260000,123.787500,108.806875,132.522500,198.267500,158.350000,104.258750,167.881250,108.707500,214.480000,195.945000,104.827812,118.976250,199.017500,112.399922,107.948125,162.030000,96.026250,86.557813,210.652500,180.428750,93.598750,184.867500,214.390625,213.231250,103.713125,117.530000,221.475000,156.877500,223.695000,254.241250,102.595000,177.037500,226.725000,0.000000,175.397500,157.438750,192.837500,160.192500,154.840000,220.457500,135.770000,227.795000,115.682500,171.353750,69.612500,96.435625,117.750000,123.164375
99.100000,125.892500,84.680000,64.785000,67.197500,63.252500,107.085000,60.882500,83.680000,90.732500,110.732500,171.410000,103.685000,201.710000,150.100000,96.342500,88.152500,132.032500,131.932500,132.050000,134.600000,98.690000,80.523750,54.068750,103.665000,70.702500,48.090000,125.865000,49.650781,82.763750,163.232500,73.570000,56.030000,118.645000,147.857500,68.243750,69.587500,41.945000,64.287500,117.182500,141.562500,161.905000,95.660000,72.515000,216.495000,75.075000,51.740000,124.587500,175.397500,0.000000,102.425000,75.977500,128.250000,138.680000,71.280000,114.885000,167.077500,62.547500,153.895000,103.552500,65.265000,53.342500,41.818750
56.705000,164.040000,46.797500,74.643750,58.202500,60.512500,65.115000,77.511250,106.987500,24.065000,50.906250,170.807500,97.121250,92.258750,98.477500,37.267500,35.112500,63.158750,129.516250,121.090000,96.195000,94.610000,26.518750,119.941250,125.156250,48.990625,89.777500,111.835000,45.078594,47.487500,110.352500,38.795000,29.888125,145.343750,150.690000,35.877500,118.075000,106.352500,107.212500,48.106250,98.743750,141.386250,68.473750,83.976250,212.532500,50.785000,96.752500,82.292500,157.438750,102.425000,0.000000,123.195000,53.717500,115.356250,125.347500,72.287500,111.315000,71.393750,128.950000,41.827500,23.997500,62.295000,71.695000
134.263750,169.981250,103.615000,76.120625,94.090000,94.605000,112.290000,51.218125,130.127500,106.257500,134.900000,115.260000,136.503750,226.347500,142.400000,104.665000,107.763125,164.150625,153.817500,208.537500,85.958750,140.333750,103.879375,96.655000,163.746250,94.874375,71.031250,193.566250,73.322344,77.652500,179.427500,92.661250,74.817500,158.008750,184.013750,88.729375,103.772500,113.068750,155.958750,131.706875,158.841250,190.540000,145.825000,142.315000,272.577500,86.720000,50.335000,176.630000,192.837500,75.977500,123.195000,0.000000,159.982500,168.532500,100.845000,132.283750,228.235000,89.202500,151.415000,125.341250,86.008750,84.922500,53.553125
88.000000,174.600000,49.972500,79.601250,49.675000,85.337500,85.755000,109.525000,137.595000,48.580000,165.260000,164.022500,133.255000,222.557500,132.557500,74.425000,29.495000,52.002500,109.960000,161.792500,117.112500,124.427500,50.232500,209.895000,135.755000,34.472500,117.210000,126.627500,65.412500,58.195000,150.737500,46.950000,42.118750,153.245000,174.950000,34.917500,155.037500,132.545000,159.047500,42.455000,146.237500,122.670000,220.497500,129.727500,299.327500,87.540000,119.120000,245.025000,160.192500,128.250000,53.717500,159.982500,0.000000,171.300000,173.722500,56.212500,264.735000,80.507500,172.777500,60.835000,48.528750,100.297500,99.995000
118.335000,160.461875,109.360000,82.498750,71.500000,65.801875,74.998750,143.648750,108.075000,100.596875,113.500000,215.360000,148.248750,165.617500,134.730000,132.365000,113.305000,154.481563,162.377500,119.302500,134.264375,103.040000,86.500625,175.855000,128.453750,99.271875,144.970000,126.483750,59.557031,126.466250,131.162500,95.941250,80.528125,149.703750,186.847500,105.785312,128.982500,140.935000,143.057500,141.891875,139.718750,187.745000,145.122500,156.512500,248.961250,115.657500,150.265000,178.648750,154.840000,138.680000,115.356250,168.532500,171.300000,0.000000,197.545000,145.466250,215.320000,95.697500,159.083750,88.746875,76.173125,105.757500,116.665625
125.738750,136.712500,118.792500,70.403750,106.442500,103.881250,118.992500,72.113750,99.880000,131.701250,140.005000,175.637500,140.502500,251.542500,133.602500,151.555000,122.560000,154.418125,161.277500,178.047500,143.618750,144.048750,116.520000,111.895000,172.207500,94.322500,71.390000,158.475000,80.510938,84.191250,193.420000,96.767500,79.938125,150.113750,189.452500,92.555625,121.912500,88.795000,135.760000,148.042500,174.945000,160.937500,131.400000,121.195000,244.716250,101.937500,90.437500,160.340000,220.457500,71.280000,125.347500,100.845000,173.722500,197.545000,0.000000,134.702500,189.837500,95.695000,175.730000,129.482500,100.669375,102.677500,61.895000
124.877500,167.750000,38.485000,50.962500,59.822500,76.997500,92.397500,84.367500,121.585000,83.248750,149.802500,149.398750,116.147500,208.608750,99.515000,104.960000,27.365000,53.037500,111.687500,153.852500,105.780000,155.562500,65.305000,166.562500,143.120000,37.957500,104.842500,108.500000,52.279219,79.572500,127.582500,35.100000,28.825625,173.628750,157.037500,24.570000,130.115000,126.625000,158.587500,45.872500,133.001250,102.031250,171.692500,135.772500,315.613750,68.750000,111.200000,245.473750,135.770000,114.885000,72.287500,132.283750,56.212500,145.466250,134.702500,0.000000,242.483750,120.666250,158.453750,60.170000,42.656250,110.500000,76.782500
92.550000,190.918125,154.920000,134.083750,149.420000,148.685000,171.596250,176.029375,135.880000,110.786875,170.092500,295.872500,139.755000,272.747500,229.746250,136.320000,159.785625,196.202812,273.812500,163.275000,198.810000,177.251250,124.498750,206.350000,186.772500,161.260625,156.158750,183.007500,149.236641,132.295625,227.852500,171.395000,139.016875,195.541250,181.235000,170.410625,194.445000,176.547500,166.605000,180.660000,169.275000,252.595000,147.225000,179.652500,302.332500,156.445000,175.603750,157.670000,227.795000,167.077500,111.315000,228.235000,264.735000,215.320000,189.837500,242.483750,0.000000,101.466250,227.607500,152.871250,135.183750,169.317500,165.499375
49.360000,94.695000,78.195000,39.257500,53.460000,33.650000,55.022500,47.600000,54.795000,45.825000,49.840000,123.673750,58.761250,134.843125,75.827500,47.015000,69.087500,99.960000,148.321250,87.407500,68.887500,79.197500,38.690000,98.238750,88.667500,59.972500,61.280000,112.321250,33.050625,33.425000,86.227500,54.765000,42.440000,89.143125,93.305000,62.415000,81.795000,78.155000,100.550000,77.322500,80.783750,114.097500,76.997500,109.498750,164.958125,71.497500,71.882500,72.175000,115.682500,62.547500,71.393750,89.202500,80.507500,95.697500,95.695000,120.666250,101.466250,0.000000,97.957500,56.012500,41.605000,50.286250,46.600000
115.478750,106.555000,134.550000,107.115625,88.075000,110.748750,73.940000,122.032500,102.425000,139.625000,135.525000,204.845000,145.937500,162.147500,104.135000,102.702500,136.658750,171.433750,232.640000,139.175000,120.375000,78.391250,104.324375,213.383750,132.912500,102.572500,124.442500,185.387500,76.365781,107.803750,124.027500,119.252500,96.881875,167.976250,122.900000,119.827500,188.992500,156.400000,169.447500,128.417500,103.862500,171.820000,188.387500,167.040000,263.371250,118.492500,140.190000,116.580000,171.353750,153.895000,128.950000,151.415000,172.777500,159.083750,175.730000,158.453750,227.607500,97.957500,0.000000,93.678750,95.924375,146.860000,111.886250
61.215000,82.975000,43.597500,38.635000,26.157500,49.635000,36.215000,74.475000,77.210000,41.445000,58.468750,132.470000,67.745000,128.860625,58.742500,69.065000,28.342500,36.080000,108.370000,81.287500,59.515000,73.917500,27.895000,148.570000,105.645000,28.072500,95.690000,85.096250,29.013125,54.840000,71.250000,29.260000,18.500000,112.320625,94.467500,29.660000,113.626250,115.255000,115.968750,39.435000,62.882500,96.027500,82.770000,123.323750,196.719375,52.780000,109.082500,140.030000,69.612500,103.552500,41.827500,125.341250,60.835000,88.746875,129.482500,60.170000,152.871250,56.012500,93.678750,0.000000,26.468750,71.282500,70.383750
